101;2;3.75;0;;;;;
102;1;2.50;1;1;2024-05-08;2024-05-12;John Smith
103;3;5.25;0;;;;;
104;2;4.00;0;;;;;
105;1;2.75;1;0;2024-05-10;2024-05-15;Jane Doe
106;2;3.90;0;;;;;
107;1;3.00;0;;;;;
108;2;4.50;1;1;2024-05-09;2024-05-11;Alice Johnson
109;3;5.75;0;;;;;
110;2;4.25;0;;;;;
111;1;2.25;0;;;;;
112;2;4.00;1;0;2024-05-11;2024-05-16;Michael Brown
113;1;2.75;0;;;;;
114;2;4.20;0;;;;;
115;3;5.50;1;1;2024-05-10;2024-05-14;Emily Wilson
116;2;3.80;0;;;;;
117;1;2.80;0;;;;;
118;2;4.10;1;0;2024-05-12;2024-05-17;David Martinez
119;3;5.30;0;;;;;
120;2;4.20;0;;;;;
121;1;2.70;0;;;;;
122;2;4.25;0;;;;;
123;3;5.00;1;1;2024-05-11;2024-05-13;Sarah Thompson
124;2;3.70;0;;;;;
125;1;2.90;0;;;;;
